0.3333 0 0 0 0.3333 0
0.1111 0 0.1111 0 0.2222 0
0.1111 0 0.2222 0 0.3333 0
0.1111 0.1111 0 0 0.1111 0.1111
0.037 0.1111 0.037 0 0.1481 0.1111
0.037 0.1111 0.1481 0 0.1852 0.1111
0.037 0.1111 0.2593 0 0.2222 0.1111
0.1111 0.1111 0.037 0.1111 0.1481 0.2222
0.1111 0.1111 0.1481 0.1111 0.1852 0.2222
0.1111 0.1111 0.2593 0.1111 0.2222 0.2222
0.1111 0.2222 0.037 0 0.1481 0.2222
0.037 0.2222 0.037 0.1111 0.1481 0.3333
0.037 0.2222 0.1481 0.1111 0.1852 0.3333
0.037 0.2222 0.2593 0.1111 0.2222 0.3333
0.1111 0.2222 0.037 0.2222 0.1481 0.3333
0.1111 0.2222 0.1481 0.2222 0.1852 0.3333
0.1111 0.2222 0.2593 0.2222 0.2222 0.3333
0.1111 0.3333 0.037 0 0.1481 0.3333
0.037 0.3333 0.037 0.1111 0.1481 0.4444
0.037 0.3333 0.1481 0.1111 0.1852 0.4444
0.037 0.3333 0.2593 0.1111 0.2222 0.4444
0.1111 0.3333 0.037 0.2222 0.1481 0.4444
0.1111 0.3333 0.1481 0.2222 0.1852 0.4444
0.1111 0.3333 0.2593 0.2222 0.2222 0.4444
